-4.0008 0
-3.98744 86.0222
-3.97409 89.1023
-3.96073 92.2927
-3.94738 95.5974
-3.93402 99.0203
-3.92067 102.566
-3.90731 106.238
-3.89396 110.042
-3.8806 113.982
-3.86724 118.064
-3.85389 122.291
-3.84053 126.67
-3.82718 131.205
-3.81382 135.903
-3.80047 140.77
-3.78711 145.81
-3.77375 151.031
-3.7604 156.439
-3.74704 162.04
-3.73369 167.842
-3.72033 173.852
-3.70698 180.077
-3.69362 186.525
-3.68027 193.203
-3.66691 200.121
-3.65355 207.287
-3.6402 214.709
-3.62684 222.397
-3.61349 230.36
-3.60013 238.608
-3.58678 247.152
-3.57342 256.001
-3.56007 265.168
-3.54671 274.662
-3.53335 284.497
-3.52 294.683
-3.50664 305.235
-3.49329 316.164
-3.47993 327.485
-3.46658 339.21
-3.45322 351.356
-3.43987 363.937
-3.42651 376.968
-3.41315 390.466
-3.3998 404.447
-3.38644 418.928
-3.37309 433.929
-3.35973 449.466
-3.34638 465.559
-3.33302 482.229
-3.31966 499.496
-3.30631 517.381
-3.29295 535.906
-3.2796 555.095
-3.26624 574.97
-3.25289 595.558
-3.23953 616.882
-3.22618 638.97
-3.21282 661.849
-3.19946 685.548
-3.18611 710.094
-3.17275 735.52
-3.1594 761.856
-3.14604 789.135
-3.13269 817.391
-3.11933 846.658
-3.10598 876.974
-3.09262 908.374
-3.07926 940.9
-3.06591 974.59
-3.05255 1009.49
-3.0392 1045.63
-3.02584 1083.07
-3.01249 1121.85
-2.99913 1162.02
-2.98577 1203.63
-2.97242 1246.72
-2.95906 1291.36
-2.94571 1337.6
-2.93235 1385.5
-2.919 1435.11
-2.90564 1486.49
-2.89229 1539.72
-2.87893 1594.85
-2.86557 1651.95
-2.85222 1711.1
-2.83886 1772.37
-2.82551 1835.83
-2.81215 1901.57
-2.7988 1969.65
-2.78544 2040.18
-2.77209 2113.23
-2.75873 2188.9
-2.74537 2267.27
-2.73202 2348.45
-2.71866 2432.54
-2.70531 2519.64
-2.69195 2609.86
-2.6786 2703.31
-2.66524 2800.1
-2.65189 2900.36
-2.63853 3004.21
-2.62517 3111.78
-2.61182 3223.2
-2.59846 3338.61
-2.58511 3458.15
-2.57175 3581.97
-2.5584 3710.23
-2.54504 3843.08
-2.53168 3980.68
-2.51833 4123.22
-2.50497 4270.85
-2.49162 4423.77
-2.47826 4582.17
-2.46491 4746.24
-2.45155 4916.18
-2.4382 5092.21
-2.42484 5274.54
-2.41148 5463.4
-2.39813 5659.02
-2.38477 5861.65
-2.37142 6071.53
-2.35806 6288.93
-2.34471 6514.11
-2.33135 6747.35
-2.318 6988.95
-2.30464 7239.19
-2.29128 7498.4
-2.27793 7766.88
-2.26457 8044.98
-2.25122 8333.04
-2.23786 8631.41
-2.22451 8940.47
-2.21115 9260.59
-2.19779 9592.17
-2.18444 9935.63
-2.17108 10291.4
-2.15773 10659.9
-2.14437 11041.6
-2.13102 11436.9
-2.11766 11846.4
-2.10431 12270.6
-2.09095 12709.9
-2.07759 13165
-2.06424 13636.4
-2.05088 14124.7
-2.03753 14630.4
-2.02417 15154.3
-2.01082 15696.9
-1.99746 16258.9
-1.98411 16841.1
-1.97075 17444.1
-1.95739 18068.7
-1.94404 18715.7
-1.93068 19385.8
-1.91733 20079.9
-1.90397 20798.9
-1.89062 21543.6
-1.87726 22315
-1.86391 23114
-1.85055 23941.6
-1.83719 24798.9
-1.82384 25686.8
-1.81048 26606.5
-1.79713 27559.2
-1.78377 28546
-1.77042 29568.1
-1.75706 30626.8
-1.7437 31723.4
-1.73035 32859.3
-1.71699 34035.9
-1.70364 35254.5
-1.69028 36516.8
-1.67693 37824.3
-1.66357 39178.7
-1.65022 40581.5
-1.63686 42034.5
-1.6235 43539.6
-1.61015 45098.6
-1.59679 46713.4
-1.58344 48386
-1.57008 50118.4
-1.55673 51913
-1.54337 53771.7
-1.53002 55697.1
-1.51666 57691.3
-1.5033 59757
-1.48995 61896.6
-1.47659 64112.9
-1.46324 66408.5
-1.44988 68786.3
-1.43653 71249.2
-1.42317 73800.3
-1.40982 76442.8
-1.39646 79179.8
-1.3831 82014.9
-1.36975 84951.5
-1.35639 87993.2
-1.34304 91143.8
-1.32968 94407.3
-1.31633 97787.6
-1.30297 101289
-1.28961 104916
-1.27626 108672
-1.2629 112563
-1.24955 116593
-1.23619 120768
-1.22284 125092
-1.20948 129571
-1.19613 134211
-1.18277 139016
-1.16941 143994
-1.15606 149149
-1.1427 154490
-1.12935 160021
-1.11599 165751
-1.10264 171685
-1.08928 177833
-1.07593 184200
-1.06257 190795
-1.04921 197627
-1.03586 204703
-1.0225 212032
-1.00915 219624
-0.995792 0
-0.982436 0
-0.96908 0
-0.955725 0
-0.942369 0
-0.929014 0
-0.915658 0
-0.902303 0
-0.888947 0
-0.875591 0
-0.862236 0
-0.84888 0
-0.835525 0
-0.822169 0
-0.808813 0
-0.795458 0
-0.782102 0
-0.768747 0
-0.755391 0
-0.742035 0
-0.72868 0
-0.715324 0
-0.701969 0
-0.688613 0
-0.675257 0
-0.661902 0
-0.648546 0
-0.635191 0
-0.621835 0
-0.608479 0
-0.595124 0
-0.581768 0
-0.568413 0
-0.555057 0
-0.541702 0
-0.528346 0
-0.51499 0
-0.501635 0
-0.488279 0
-0.474924 0
-0.461568 0
-0.448212 0
-0.434857 0
-0.421501 0
-0.408146 0
-0.39479 0
-0.381434 0
-0.368079 0
-0.354723 0
-0.341368 0
-0.328012 0
-0.314656 0
-0.301301 0
-0.287945 0
-0.27459 0
-0.261234 0
-0.247878 0
-0.234523 0
-0.221167 0
-0.207812 0
-0.194456 0
-0.181101 0
-0.167745 0
-0.154389 0
-0.141034 0
-0.127678 0
-0.114323 0
-0.100967 0
-0.0876114 0
-0.0742558 0
-0.0609002 0
-0.0475446 0
-0.034189 0
-0.0208334 0
-0.0074778 0
0.0058778 0
0.0192334 0
0.032589 0
0.0459446 0
0.0593002 0
0.0726558 0
0.0860114 0
0.0993669 0
0.112723 0
0.126078 0
0.139434 0
0.152789 0
0.166145 0
0.179501 0
0.192856 0
0.206212 0
0.219567 0
0.232923 0
0.246278 0
0.259634 0
0.27299 0
0.286345 0
0.299701 0
0.313056 0
0.326412 0
0.339768 0
0.353123 0
0.366479 0
0.379834 0
0.39319 0
0.406546 0
0.419901 0
0.433257 0
0.446612 0
0.459968 0
0.473324 0
0.486679 0
0.500035 0
0.51339 0
0.526746 0
0.540102 0
0.553457 0
0.566813 0
0.580168 0
0.593524 0
0.606879 0
0.620235 0
0.633591 0
0.646946 0
0.660302 0
0.673657 0
0.687013 0
0.700369 0
0.713724 0
0.72708 0
0.740435 0
0.753791 0
0.767147 0
0.780502 0
0.793858 0
0.807213 0
0.820569 0
0.833925 0
0.84728 0
0.860636 0
0.873991 0
0.887347 0
0.900703 0
0.914058 0
0.927414 0
0.940769 0
0.954125 0
0.96748 0
0.980836 0
0.994192 0
1.00755 220551
1.0209 212927
1.03426 205567
1.04761 198461
1.06097 191601
1.07433 184978
1.08768 178584
1.10104 172410
1.11439 166451
1.12775 160697
1.1411 155142
1.15446 149779
1.16781 144602
1.18117 139603
1.19453 134777
1.20788 130118
1.22124 125621
1.23459 121278
1.24795 117086
1.2613 113039
1.27466 109131
1.28801 105359
1.30137 101717
1.31473 98200.5
1.32808 94806
1.34144 91528.8
1.35479 88364.8
1.36815 85310.2
1.3815 82361.3
1.39486 79514.2
1.40822 76765.6
1.42157 74112
1.43493 71550.1
1.44828 69076.8
1.46164 66688.9
1.47499 64383.6
1.48835 62158
1.5017 60009.4
1.51506 57935
1.52842 55932.3
1.54177 53998.8
1.55513 52132.2
1.56848 50330.1
1.58184 48590.3
1.59519 46910.6
1.60855 45289
1.6219 43723.5
1.63526 42212.1
1.64862 40752.9
1.66197 39344.1
1.67533 37984.1
1.68868 36671.1
1.70204 35403.4
1.71539 34179.6
1.72875 32998.1
1.7421 31857.4
1.75546 30756.2
1.76882 29693
1.78217 28666.6
1.79553 27675.6
1.80888 26718.9
1.82224 25795.3
1.83559 24903.6
1.84895 24042.7
1.86231 23211.6
1.87566 22409.3
1.88902 21634.6
1.90237 20886.7
1.91573 20164.7
1.92908 19467.7
1.94244 18794.7
1.95579 18145
1.96915 17517.8
1.98251 16912.2
1.99586 16327.6
2.00922 15763.2
2.02257 15218.3
2.03593 14692.2
2.04928 14184.3
2.06264 13694
2.07599 13220.6
2.08935 12763.6
2.10271 12322.4
2.11606 11896.4
2.12942 11485.2
2.14277 11088.2
2.15613 10704.9
2.16948 10334.8
2.18284 9977.59
2.19619 9632.68
2.20955 9299.7
2.22291 8978.23
2.23626 8667.87
2.24962 8368.23
2.26297 8078.96
2.27633 7799.69
2.28968 7530.06
2.30304 7269.76
2.3164 7018.46
2.32975 6775.85
2.34311 6541.62
2.35646 6315.49
2.36982 6097.17
2.38317 5886.41
2.39653 5682.92
2.40988 5486.47
2.42324 5296.82
2.4366 5113.72
2.44995 4936.94
2.46331 4766.28
2.47666 4601.52
2.49002 4442.46
2.50337 4288.89
2.51673 4140.63
2.53008 3997.5
2.54344 3859.31
2.5568 3725.9
2.57015 3597.1
2.58351 3472.76
2.59686 3352.71
2.61022 3236.81
2.62357 3124.92
2.63693 3016.9
2.65029 2912.61
2.66364 2811.93
2.677 2714.72
2.69035 2620.88
2.70371 2530.28
2.71706 2442.81
2.73042 2358.37
2.74377 2276.85
2.75713 2198.14
2.77049 2122.15
2.78384 2048.8
2.7972 1977.97
2.81055 1909.6
2.82391 1843.59
2.83726 1779.86
2.85062 1718.33
2.86397 1658.93
2.87733 1601.58
2.89069 1546.22
2.90404 1492.77
2.9174 1441.17
2.93075 1391.35
2.94411 1343.25
2.95746 1296.82
2.97082 1251.99
2.98417 1208.71
2.99753 1166.93
3.01089 1126.59
3.02424 1087.65
3.0376 1050.05
3.05095 1013.75
3.06431 978.706
3.07766 944.874
3.09102 912.211
3.10438 880.677
3.11773 850.234
3.13109 820.843
3.14444 792.468
3.1578 765.074
3.17115 738.626
3.18451 713.093
3.19786 688.443
3.21122 664.645
3.22458 641.669
3.23793 619.488
3.25129 598.073
3.26464 577.399
3.278 557.439
3.29135 538.169
3.30471 519.566
3.31806 501.605
3.33142 484.266
3.34478 467.526
3.35813 451.364
3.37149 435.761
3.38484 420.698
3.3982 406.155
3.41155 392.115
3.42491 378.56
3.43827 365.474
3.45162 352.84
3.46498 340.643
3.47833 328.868
3.49169 317.499
3.50504 306.524
3.5184 295.928
3.53175 285.698
3.54511 275.822
3.55847 266.287
3.57182 257.082
3.58518 248.195
3.59853 239.616
3.61189 231.333
3.62524 223.336
3.6386 215.616
3.65195 208.162
3.66531 200.966
3.67867 194.019
3.69202 187.312
3.70538 180.837
3.71873 174.586
3.73209 168.551
3.74544 162.724
3.7588 157.099
3.77215 151.669
3.78551 146.426
3.79887 141.364
3.81222 136.477
3.82558 131.76
3.83893 127.205
3.85229 122.808
3.86564 118.562
3.879 114.464
3.89236 110.507
3.90571 106.687
3.91907 102.999
3.93242 99.4385
3.94578 96.0011
3.95913 92.6825
3.97249 89.4786
3.98584 86.3855
3.9992 83.3993
